01 0.160000 0.725531
02 0.925531 1.491062
03 1.691062 2.256594
04 2.456594 3.022125
05 3.222125 3.787656
06 3.987656 4.553188
07 4.753188 5.318719
08 5.518719 6.084250
09 6.284250 6.849781
10 7.049781 7.615312
11 7.815312 8.380844
12 8.580844 9.146375
13 9.346375 9.911906
14 10.111906 10.677438
15 10.877438 11.442969
16 11.642969 12.208500
17 12.408500 12.974031
18 13.174031 13.739563
19 13.939563 14.505094
20 14.705094 15.270625
21 15.470625 16.036156
22 16.236156 16.801687
23 17.001687 17.567219
24 17.767219 18.332750
25 18.532750 19.098281
26 19.298281 19.863813
27 20.063813 20.629344
28 20.829344 21.394875
29 21.594875 22.160406
30 22.360406 22.925938
31 23.125938 23.691469
32 23.891469 24.457000
33 24.657000 25.222531
34 25.422531 25.988063
35 26.188063 26.753594
36 26.953594 27.519125
