01 0.000000 0.765531
02 0.765531 1.531062
03 1.531062 2.296594
04 2.296594 3.062125
05 3.062125 3.827656
06 3.827656 4.593188
07 4.593188 5.358719
08 5.358719 6.124250
09 6.124250 6.889781
10 6.889781 7.655312
11 7.655312 8.420844
12 8.420844 9.186375
13 9.186375 9.951906
14 9.951906 10.717438
15 10.717438 11.482969
16 11.482969 12.248500
17 12.248500 13.014031
18 13.014031 13.779563
19 13.779563 14.545094
20 14.545094 15.310625
21 15.310625 16.076156
22 16.076156 16.841687
23 16.841687 17.607219
24 17.607219 18.372750
25 18.372750 19.138281
26 19.138281 19.903813
27 19.903813 20.669344
28 20.669344 21.434875
29 21.434875 22.200406
30 22.200406 22.965938
31 22.965938 23.731469
32 23.731469 24.497000
33 24.497000 25.262531
34 25.262531 26.028063
35 26.028063 26.793594
36 26.793594 27.559125
